1511111111122222111111117658111111112222221111111984
6511111112121222111111118642111111111122221122211185
5311122221211122211221118642111222211111112122221176
4311112221211112121122111742111211111211221112211185
4311111221111222211111119642111111112212122121111196
4321111111111122211111111843111121211121122212221196
3321111121111122112121111832111212211122112111211186
3321111211211122211211111632111112111121212112211116
3321112111122112211122111732111122111112121212221116
2321111211111122211122118832111122221112222112211117
2321111111111221222122111832211112211121111221221116
2321111221111112221112111932111121211111212112222116
2221112121212112112112111822212111111112121122211116
2221111111112112211122111922111212121111212122222119
2221111121111212211121211922211122121112121111221119
1221121211111111211212211922211121122121222211221117
1222112121111111122121211122211121111112122111222117
1222122221112111111112211122222121221111212122222119
1222211112111112121112111112221121121111221121122118
1222221122211111212122111122211111211122212111222119
1222211121111111121222211112211211112112112212222119
1122112221112121121212211112211112112112112211122111
1122211221111111212122211112221111111111222212122211
1112111211111112222212211112222211212111112211222111
1122212221211112212121221112221122222111112221111211
1122222122111121221212111111221121222111212112122211
1122121212122111222211211111221112121112111112122211
1122111112111121221112221111211111121121111221112211
1112212121211212112112221111222111212121121121122111
9112211111112121222222222111221111121212111211112211
9112211112212221122111222111222112221111122111112221
7112221111122111122112222111121221212121112221122221
1111211211212112121111222111222111211112112211122211
1122211121222111111112122111121112111111112211122221
6122121112221112111211222191222211112211111121112221
6111211121222211111111122211212111122221111112112221
6112221112222221111111122291122211121111112111112222
6111212112222211121111222211111111222211121111112222
6111111122221111111121222211122211222222111111212222
6111111112121211112112222291222211111222111111112222
7912121112122221111221222281111211112111111111112222
4112212111222121111111122271112221122221111212111232
4111221112211121112111222271121221212211111212111222
5111221112212211111111122271122112222121111111112232
4111121211112211112211123271222221112211111211111232
4911222111112211111211123271111211112211111111111233
3811221111122221111111123361121111112222111111111233
2111121112222221121111123351111211111212111121111233
3711222111111121111121123451112111111221211111111234
3811221112212111111211112461122112111221121111211134
2611112111111111111211194459112111112211111111111855
1381112211111111111111116114911222111111111111111861
