1121221111121211121111111211121111121111111111211213
1111122121112111122212221211111111111111111112222112
1111112211112121111212212112212211111121121111111122
1112111211211111212111211211112122111111111211121112
1122211212111111111211111212111211122212212211211122
1121111211121111111212211221212222111121211122111121
1111122212111111121111111121121112111111211121222212
1111111122111212211211111121121112111112111221111122
1122211211111111221112122211211111112111111212222122
1222111221221112111121211222111111112111112121211112
1112211121211111122111121211121112112211121211222112
1121221111211111112212211112211222121122111211111111
1111112111111121122221111112221111211211111121112111
1211111112121121111211211211121111121211121221111111
1111212111121121221111111111122112212121111111121111
1111111111111112122121211212211122221211211221111111
1121212111111111222211212211121111121111112211212111
1111211112112111121111212112121121211112111212112211
1112221111221111111111111211211121211111121221212121
1211111211122112111211111121221221211111111112112211
1211112111211221121121211111111111121211221111122121
1211111111121111112111112112221122121111122111121121
1122111122111111111121121111122121111112111122122121
1211111122112221111121112112111121112212222211112112
1222112111111112112111121211111122111121211211111221
1112121111122221111111111111212221211122112121211111
1121221111111112111112122121111212111111122121112111
1111112112221111111122221112112111111121221122121211
1112111122111121121112222111112111111111221211211122
2112122122211211212211111112111121211112112111211111
1112112211112211111121212111111211212211121212121211
1211121112121212211211121121111111121211111111211111
2121112111122212122111211111122212111211111112122221
1212211211211222222221111111111111112211121221211221
1112221221111111211221112112111112111111112112221111
1212211122211111221122112111111111111211211111121121
1212121111121122111121111111111221212111221221111211
1221111211112211212121112111121111211122212212211211
2221111111211222111112112121111211212111211111122111
2112111111211111112112111121212221111111111121111111
1111121111111111211121112111122211111122221112121211
1111112121112121111122112111211111112111211111211112
2121111222211221111211111121112112121112112111211111
2121221211111121221121111211121211112221112212111211
1111211112211221112111112111121112121121112112111221
2211121122111112221112122111112121112121122112111211
2122121111111212211222111111111112121212211111111121
2121122111111121111121121122221212112121121121121111
2111112122122112111112121122211111221111111111122211
2211111221122121111212111112112111111221112112111111
2111211111121211111112112111121112122121121111111111
3122111211121122211211121121111111112121111211122111
