4000000618123442172830100010000051392344321623000000
9200000125123443215112000017001014151234321938100000
9950000173912343217241000019200133151233431162400000
6182000292812343329310400071480036151133332173100000
6794500373612343321525410077622033141133432194160000
5775110282612334321731120067639117149123333115330000
4665361291612333321931711066631335638123332215312000
4565312271511233321151620156641517129123432211315100
3565314181411233321163192046642838126123333217423100
2465328172381233332172260036542131826122333211531300
2465319341391234332173194135553152125123333221531320
1355421411351233332174192024653172125112333211631801
1355431511271233332195274114553263113912333221132730
7245431721251123333217313413554213124712333221153940
4145532841258123333216324012564214113612333321173131
3135542141148123333219611372554316222512233322174271
2125642151135122333211534351455328313411233331174182
1824553153127122333321531131355421412471234322193213
1523553293224112333321831611355421411271233332115275
3413554214214712333321842426245531721251123332117419
1213454215113812333321153115145532831259123332218427
0192454317212612233322173154135542141237123333219531
0152355321312681233332194143134542142148122333221649
0141355421411491223332115221925553182137122333211731
0121345421611381233332196211614554294135112333221742
0138245532832271123332117304413554215114912333321943
0217144532132361123333217516312454215333712333322153
0285134532151251123333211424292455318324712233322183
0274124542162241122333211803171354321313511233322184
0093124543173128122333221702161355421512611233332115
0072714544213235122333321802941345431622491223332116
0051613454215225112333321110721245432832461233332117
0031413455315225112233321104218235542131271123332219
0001412444317223812333321100118134532152341223332211
0006212354321313712233322100214134543162148123333211
0001151344421521611233322100143124543193128123433221
0011171245431621311233332100272823453214224123333221
0003641245431929371233333201232613444215223123343221
0002531234532141161233332200237613454217212723333322
0001427134442151151233333200129312454319111413344321
0000227124542162819234333200038392344321421212444322
0000215124443272114134433200104281344321615162454332
0000153823453214172134433200026161244431721531454332
0000093813444215161624543300013141245432131398365432
0000012712444317194214643200003539135532151562157532
0000011512444329294163564300013128134442161829736643
0000011412344421515311665300002516124442172810217753
0000018291344321516116315400012215123442283710074164
0000006261244431621100179400000343123444214100002814
0000012261245542135700047700001292123554318210000587
0000002131134432131201001700000231512343217250000028
0000000424812211616200000300000325371222194130000004
