5111122211111111111111111871111121111111111111111119
6111222111111111111111113381121121111111111112111134
8111222111211211111111112311211111111111121111111124
8111111211222111112111122311121211112211111112121123
6111122211122111121111112311112111122121111121111123
7112122111111112121111112311212111111211111222112122
8112221111111211112111122311111211122111212112111122
8112212212211112111211122211112222121111111212111222
7112112111111121111121212211111121121112221111111122
9121211111111112221121112211111112122121112111111122
8121111212122111222111122211112122111122111211121222
8111112111111111211221122211211221112121211221211222
8111211211111221121212122211112222121112211111221222
7111211121211111111111212291122121121111221111221222
1122121121221111111121212112121211112112211112111222
1112212111121112111111112211122211112112112122122221
1122121112122121111112122111112212211221112111112222
9111111122221111122211122111122111111211121112212221
9121211112122111212111122112212111112122112121111212
1112121212221112112111122111221111121211222211121221
1112122112111121121112122111221111221112112222221211
1122212121111212211212121112121212211112112121112211
1111211222111111222111221111222111121221212111112111
1122111111122222211212111112222112212111111121122211
1122121212212121112111121112221111221112211212111211
1112112222211112111121222111212211121111121111211221
1122111112121211211122221112111121212211211212112111
1211122112111112122111111112112112111122122111212111
1212111111112211111222212112111111211112221221122111
1121111122111111121121221122211222111111121121212211
1211212122122122111212111122122111211221121111121111
1222122221111111112111111122121121111111121211122211
1121112211122111111122211122211122221111211122212111
1221111111111112221212111122221221211111111211122211
2211211122221111111221211121221111111121111112122211
2221212122212222121121111122111211112221112111111111
2211111211121111111121221122211212121111112111121111
2211111111111121112111211122211221112121121121211111
2211111111221111111211211122211111111111221221211211
2221111121111111211122211122211112211221112111211111
2222111122121111211111211122121121111111111122112111
2221211121111221221221111122111112221121212111111111
2221111111211122212112111122111211111111112112121111
2222112221211112222111111122112111111111112111212111
2211111221112121111211111122212112111112222121111111
3211121222121211111212111122111211221211221211121118
3211111211111121211222211122111111111211221111111111
3211111211112122111112111132111221211111211122211111
3211112112111221121111111132112111111211211112111111
4211211111112121111111111122121112211212211111121111
4311111111121211111121111931112111221122212111111118
1711111111122221211111111741111111111222211111211116
