1221121121112111211111111211111111121121121222111211
1121212111112111211111212112111112211111221111111211
2112111112111221221111111121111111121121111111111121
2211111122111121111111111112121111211122122211112211
2122221111221112211221111111111111212122112111111111
2111112121211122112211111211221112111212111211121112
1211111111111111222122111112112122112112211112211112
2221111212112111112111211112122121221211111121121111
2111121111111221212122122211221111222111111111121121
1211211221111111112212221111121112211121121111112211
1212122121111121121112111112112221111212111111112111
1122111121211111121221121221111121111121112211211121
2121112222222111111111211112211111111111121111211112
2112121111211221121111121111111111111211111221111222
1211112211121111111111211111211111122221211121211211
1221211112111112111211111111111211122221211121122211
1121121112111111211111211211121211212212111111111112
1112121112112212112211111112221112121111222111111111
1212111211122121111211111121211121112221112121112122
1211112122112211121121211111112212111212111211122221
1122121122121111111112211111211212111111112111212112
1111121111121111122112111112111121121111212221122211
2112211211212121111112221122111112122211112111211221
1111211221211211122111122121212211211122111112111111
2111121121111111212211111111211111121111122222111121
2111111211112111112221111121112122121111211121221111
1211112111121121212112112121112121111112122112122112
1112122111111111112111212112112221121111111112211211
1211122112112111121221112121211111221112111112121111
2112111111111122111112122211212121111122112121211111
1121111111212211121111112111111121111212111122211211
2111211112211122212111211121111211211111111112222212
1121121111112122221112111221112112111111211122111121
1112211111121111212211212112211222211211111111122121
1111112112211112212112121222121212111121211221111111
1111112111212221211122112211121111111121111111221111
1212122211221111111222111121112211112111222111111111
1112111112111111111112112111122212121121111211221122
1111211211111111112111121112212221221211112121111211
1122222121111112111211211111122111222121212121112111
1121111111121212111111111111221112211222112212121211
1111112121111211221121211221112111111111121112111221
1121111111111111211211221211111121221211112111121221
1122112111111211121121211221112111112122112111121112
1121111111111111121121121221122111111212121111221121
1112221221221212211212111211112211111211211111111111
1111121111122122111111121211211212221111111112111121
2211111112111112211111111111211121112212121211111112
1121111211221111111122121211121211111111112211121211
1111212111112111111122212221111112112211212211211212
1112212111122111111111112111211111111121221112112212
2111111121122111211121111211111111111111121222111112
