2211121211112122211111122121121111111111111111111121
2111122111111211111111121121112121221121121211221111
2121211211121111111111211121121111221221212112112121
2111112111221112111121212111111111121122112111221211
2122211121211111111121112111121221211212111222111121
2112111211221121112111121112111112212121121121211121
2111111111111111111112111122121112211112111212111111
1111111112122211121121111111112211221111111121211221
1111111111111212111111121111222221211112121211111111
1111212112122111112122111121112212211111212112111111
1112112111111111212112111121111221222211211111122111
2111111121111112211212111212212121212121211212121111
2221111211121111211111111212121121122112111121122211
1222121121111121222112111121111111222111121111111111
2112111121221111112121111111212221111111222211121111
2211121122112111112111111111112211112211211112122111
2212112122212211121111212111111112111111212221221121
1222121122112112122121211111121111221111121111112211
1222211211211111122222121211211112211121111111122111
1121111112122111121211111112111111111211112122111122
1111212112111122111211111121211112121121112111111111
2122111212111112221111212211111211121211122221111111
1111112122211111111212111112211211212121112111212211
2111111111211221112211112112222111121112211122111121
1111212121112212112211112112111111111212122111112111
1122122211211121211212121121211111212111211121211211
2121122211111211111121112111111111121122212111112112
1111211211112211211221211112111121111121121111212122
1111221121211111111111212122211112221112111211211211
1111112121221121111111211122112111111112122111112111
1211122111111111111211111112211121212222221212211111
2211121121212112121212111111111112112111121222111111
1212221121112122211122111111121112111121221111111211
1111211211111112112111211221112121121111122211111222
1211121212211122112111121211211212111211212111122111
1122221112121111111212111112112112211221111212111121
1211112121111111222111211211112111211212111212111121
2121111111211111112121212111111121111112121121221222
1111112111111112111121121121211112111212121111112221
2111112211111212222111121112121121112111111122121112
1212111111211111111212211221111211111221111111112222
1211111212122111111112122211221111121121112111111121
1222111111111121121211221112121112111121111221121112
1111121211122121111111111122221211211122211222111211
1211111211111111112111221112111112112121111121221121
1112111112221211221112112111121211111221111212111112
1111112121112121111211111211122112121211111111121112
1111112122121121111121122221111111211111112111111112
1212121111111111211221111211112121112111121221221211
1211111211121221111111112211221211112212111111111222
1121211222211212121111112211112111121121111121111112
1121121111111111122111111211112212112112111221112212
