1112121111111211122111212212112112122111211111211112
1112222112111111121111121111122112221211121112112111
1111111121121111111121112111121112112212121112112121
2211112211121211111121121121211222111111221211111112
2111111122111122111111221211122222122111111112211112
1111111111112111121221112211111212112121111211121111
2121111112111112211212211111211122121211111111211112
1211222211121112111211221112121111112212111111121112
1111211112111111211111121111211111211211121121111121
1121111111122122111221121121111111111221221112112121
1121121121111121111111222221212211121121111221112211
1222122111112111112111111111221111121122111211211212
1211122111121111222121211111112212211211112211212111
1111221111121111211121211112121111212112221121111112
1112111212121222111212122211121212111111112111121121
2111221121121111111111111212121122111111222221211111
2112222111212211221112212121111111121121212111211111
1111211212111112212112122121111111221121221221122111
1221121211212121221111122221111221122112122111122112
1212211112121112111211111211111111122111112222211121
1221212121111212112121211112211211111111112222111111
1212111111211111112121121121121111111112212221121112
1111121112122121112111111112111221121121112122112112
1111112211111211112111212211111121112121211221112121
1111111121211212111121122221122122112112111111211111
1122121122111112111112111212121112211221111111121121
2122211121211121121211121111111122212121121111121111
1222112211211111221211211111112112111212122111112111
1122112211111112211222122111111211111212211121111211
2111212221111111111212111212111112111111121111121122
1121122111111122111221211112111121211112212112122211
2121221121212121121111112222211111111221211111111112
1211111111112222111112111121121111211121121121111121
1211211211112111111112112111112111221111222111111221
2121211212111121211111112111111221211112221221121222
1111111111122111211211111112212121221111111111211111
2112112111211221111122111112112112112211121111121211
1111211122221212121111112211111211111111211111111121
1121111121111111212112112211111222111221211112112111
1111112121212111112211111212111111121212111222111211
1121111211112111122121111111121111121111211111221212
2111111121121211111112121112121112112111122111211211
2111221111211111112111222112122221112121211112211112
2112121111121111111112111121221121111111111211112212
2211212121212211111121111112211112122111112111111121
1112111222221111121122111121121111111111111111112121
2211112112122211111221111211212111121122111211112221
1211221112211111112211111221111111111122121111212211
1121112112212112112112111121121111212121111111121121
2121111211121212111212212122111122111211121121111111
1211221122122111111121122211211211112121221111111111
2122112112111111112111111112221112111112112112122211
