1111111121111111121212111211111212212211111112112122
1211211121111221221111112112211122111121111111111112
1121111112111211111211121222112122211211111121111212
1122111212121111111111111111211111112111111121111222
1212111111111211221111211112121221111121212112211221
1112111112111111121111112112111111221111221211121211
1122121111211221212111122111212212111111111211111122
1112222111111121122112111111121111112211111221122112
1112111111111122121221211211111121121112111112212122
1121111212211112221212112112111111111112111112212121
1211111211121112221211111111112111122122221111222111
1212112112112221112122111112111111121111111111111112
1211111211211211111111121221121211211111111212111112
2211222111121111211222221212111122112111111211111122
1121221112211121112111111212111212211122212221111112
1111222111212211111211211111222121121111222111111111
2111112111221122111111211211121111121111222111221121
1111122221111111212212111211111121121111121211112121
1121111121221111212112111112111211211111212121112122
1212221111111211111111211222211111211212111111111211
1112122111211111112111111112211121121211121111211221
1111121121112122121221111221111122211111111121111111
1111121211111221121122212211221111111111112221112111
1212111111111111212111112112221111121112111111112121
1122111211111211221112111211111221111121212111121112
2111212211111122121112111111112111212221211212111122
1111122211121111111211212121111211111112121111112121
1111222211122111112211121122112111111111111112212112
2121212211121211211112111111111111111121111121121112
1211111221222212111122211112112112111121111122111121
1211111221212111212121222212211111222112111121111121
1221111121122112111111111221122121111222122212112111
1211111111111111111111111111112112112211121222222211
1211211121112121112122111111111121212122111112111111
1111221221211221111121121111111111221221111211121211
1111121211212211121221211112122111111111121211112211
2112111111212212111211111111121211112122211211211112
2112211111111112221121121121211121222111112121111111
2111111212211112111111211111212211221212211111122111
1112111212111121112111121111111112112111121111112121
2221111111121112111211221221111212111121111111111122
1111122121121111111111111111111121221221211112112211
2121121111111111212122212122111111112112111112221211
1111211112111211111211222111212211111212211212221111
1111112122111221111111112211211122111121112111111111
1111211111121111122222121211111112112121121111111211
1111112111212111111121111121211111111221122211221121
2121111111112111111112122111112112111111111212121122
2122112211111222211111212111121122111111111111112111
1111112111112112112211112112121111112111222112121221
2112221111111121111211111212222111112121221121211121
2111111122212122121221111121212111111212211111211111
