7111111111111211221111111131111111122122222111111111
3211111111122222211111111122111111112111221111112111
3212211111221111111211211121222111121121112121111111
2211111111121122121112111122211121211122122112212211
3211221121212111111211221121121111111122221111212111
2112211212112112121121211121112121111122211111111211
2221112111112221211111211122211121111111111111221111
2221112212111111111111211122112112111121111112121211
2211111112111111112112111121111112121112121122121111
2211111211221212122121111121111111122211111111122111
2221112121111112112111111122112111221112112221212111
2211121111122212112121221121212111212111111111222111
2211121221221112112111211121121211211211111111211111
2221221112122111222221111122112121121112122111111111
2222211111111221111111111112221112122121121121112211
1211211111112212211111121122211212211212212111211121
2221122221112111121111121121122111112212221121111211
2221112212121111221211111122111112121111212121121211
1111211112211112221121211121121111121122112112211211
1211122121211111212112211121111111211111212111112111
2221212211111221112212122121121111112111121121221111
1212111112211222111122111112111211211211112221121211
1122111221111111121222212112211111112112111211221211
1222121122211112111111111112222212111111111211112121
1111212211212112121212121112121121121122111121122211
1122211122121122122111122111121111221111112111111111
1111211112112111211112122122211211111111111211112221
1221112211212111111121122111111111212211221121121121
1121111121211111112112222111211122111212221211111211
1111111211111111111222122111211121121121111211111222
1211112121112222111221121122111221112211212112111111
1221211121211221112211112112111121112111111212121122
1122111211111112111211211211111112212121211211122121
1212121211111111112111222211221211111111111222112212
1121121112111111112112112211111111111111221212211222
1111221222212111111112211211112212111211112122121211
1111111121221211111211121211211112111212121222122121
1211111211121211211111212211222111222212112122121122
1121111111111212211211122211211211111211211212111222
1111221211112222122112122211112111111111211211211222
1111112211111121111112122212122122221221122111111122
1112211111111121111122212211112121111111111211121122
1112111112122111111122122212111111121111211121212122
1112121121221111212111112211111112211111111211111122
1112122212121111111212112211211122121111122211221122
1112121121211111212211112211221211121211121111111122
1111212111111111211111212211111121111211112111112122
1111111211111112121121112211212212211112111112221122
1111211111112111121212112211111122211211211122211122
1111221112111211121111112211111112121121111211121123
9112112112111111112211112311121211111112111111111123
8111121111111111111111111611111212111111112211111117
