3211111112121222111112111122111111111122111111111111
2112111111112111211111111121111221112111122122112121
2122212122211121221111111121121111221221121121211111
2111111221212112121111121112122111212112212121122111
2212121111121211212112212121111111112111221111122211
2221211121111212122111212121211111111111122111111111
2121111211221211112112112111111212211211211111111111
2111211111122211111212212121112121211112112111111211
2111121121111211211121211121111111211112222112121111
2112111112211111222211121121212111211112111112111111
2121211121211111111211111112111111122211111122211111
2211121121221221111121211111121112122121211111111221
2212111122211111111112221122111211221121111221111111
1121111221111111212111211122122221111122111112211121
2112111212112211121111211222121112111112111221211211
2111111111121212112121211122221212111112112111211111
1221112111221111111211121112122112222112121211112121
2222211111121211211111112121211111221211221122111112
1121122121211111112221111111212211111211111111212211
2212221112112111121111112121111111112111121121211221
1211111111111121212111122122111121121211212222111211
1212121121121222121112212111111112211112111211121211
1221211211221222121111211111111212111112212121222111
1121112211112111111111112111122211111211222111112221
1121211112121112111112111112121121111221122211112111
2111111112111112111111221111212211211111211111121221
1121121111111111212111112111121122211121121111221211
1112112112221111111111211111122212112111111112211212
1112112212122121221121111112211111212121111221111112
1111222111212112111122112211121111111211111212212121
1121112212112122212112122221211121121111111111211211
1111211112121111111112121211221121111111111121112221
1121112121112111211222111111111111221121111112211122
1121111211112111111121211121112111121122121122121221
1111121211122112111121111211111211112111121111222121
1111211121211111111122211112221121121211212111111111
1211121112111112112211121211122111122112112111122112
1121122211112111111211121111212111111111112122112121
1111121212112111121122211212111211221121111111121112
1111121221211121112112122212112121111111112221211111
1221211222121111211121111212211121211112211111111112
1112211122111111121212211112111121111121211112122112
1121111211111122212221211211112111121221112122211112
1111212211111122112111112211121212111211111121111222
1212121122211121112112121212111111211211111221112122
1111211121111111111221212122211211211111111111112112
1111122111111121211212221112111221111111111121112212
1112121221112122122111111211111211211211221212121112
1111221222121111111111112211221212111111111112121212
1111112112112122111212112211212121111121211112221122
1121112111211111112211111211111212112111111122121112
1111111211211111111111111311111112121112121111111113
