1111122111211111111111111411111211211111111211111114
1111111121121112112111112212111121121111112121211123
1122111111211112211111111212112111111221111221111122
1111221111111112211211112211111211211121111122211122
1111122121111111121112111221111111111111211112221212
1122112221111111121111112211112111221122211111111222
1121112121111111222212112211112112121111211121111122
1112111111122111221111112211111111121112122111111122
1121112121121211111211121211112112111111211211111112
1112211211111212212111222211111111121112111111122222
1121212111122112221111111212112222111222112111111112
1112121111112111121111212211122121111111121112121112
1111111121122111112211112211112111121211112112212122
1111111121211211122111111211111112111112121122212212
1121111221111222111112212112112111121222111111121221
1111121111121111112112212111122112212111122112212122
1112211112121122112221211112211212112111221111111122
1121212221111122121212221111112111111112121212121121
1111211121211112111112122211111121112211111212112121
1211222212121121111112111111111111111112121211111222
1111111211211121111111212211122111121112211121111221
1121121211121111211111212111211121112111111111212111
1111112121112211211112111112211111211122211111112111
1111211112112211211112121211112121112212111111111212
1111211111111111111221111121221111121121121122111211
1121211121111111112122121111121121211221111112121121
1112112212212112221222111122212211111111111221112111
1211112112121212112111211111122212121111212111121121
1221111122211111211211112111111111111121122111111121
1121111211121212112121111111111212211111111211112211
1112112222211121111121211112121212211111111111221121
1211111211122111111221111111121111111211121211112211
2211111111111222112111121122111111122211121122211211
1121122122212111112111112122112211111211112222111121
2211111121221112211222121111111111121111111221122221
1211221111111211211111121121111211121121121121211111
2212121121112222112112212121111111111211121111112111
2112121121212122111121111112111111222211111111121121
1211112111112121112112111112211122121212211111111211
2111211121111121121121111111212211112112122221122111
2222212111111211111221222121111111211111211121121111
2112121112122111121111211112222111211111211221211111
2211121211122111211111111121211121212121211111121211
2111111111211121122121121121221222111111122112221211
2212221121111222111111221121111122211121112111121111
2211221111211121111111221121111122112111111111111211
2211111212121111111221211121211111112111211211121111
2221211122211111121212111122111221111222212111111111
2211112112211222221112111121111111111221211111221211
2121111112111221111211212121211112211212221122211111
3211111211112211121221111121221112111122111211211211
6112111111122121211112111121121111222222112111111111
