1114112211811111111111972106281222188111111111116422
0115122211112211111111859601311222111122111111118416
0416122211122222111111924607211221111232211211195246
1438122211122221111111135419512221111222111111171365
0931122211122211111111134417512221111222111111112444
2521122111122211111211234322512221112222111111112344
0941222111222221111111233322612211111222111111112344
3141222111122211112111233342612211112222111111122343
1151222111222211112121233352812221112222211111112333
1151122211222211121111233263812221112222111111112332
5161222111222211112112233263822221112222111111112332
3281132111122111111112232213122221112222111211113332
4261222111122221111111332213122221122222111111123332
3291222111222211111122222115122211112222111211122321
4391221111222111111112232115123211112221111111122321
9311221111222211111112222126122211112221111211223221
6412221111222111111112322118122211122221111111223211
1412221112222111111122221137122211122221111111223211
1412221111222111111122221149122111122211112221223211
2612221111222111122222222141122211122211111111222211
1712221112222111111212221141222111122221111112222211
1712221112221111112222221161222111122211112112222219
2822221112222111121122211151222111122211111122232211
3922211112221111121222211171222111122211121121222111
3122221112221112122222221151222111222211111212222119
4123211112221111212222211181232111222111111222212111
4122211122221111121222111191221111122111112212222118
6122211122221112212222111112321111222111212222221118
7122211122221112222122111112221111222111112122221118
8122211122211111222222111112321111222111112212221118
9123111122221111122122111812321111222111122222121117
1232111122211111211122211812321111222111121222211116
1222211122211111212221111812221112221111222222221116
1222111122211111222221111722221112222111222222211114
1232111222111112121221111923221112221111122222211186
1232111222211112222221111722221112221111122222211175
1232111122211112112221119823321112221111122212211175
1232111222111112222221119723221112211111212222111175
2332111222111121222221118523321112221111222222111974
2332111222111122122221111623321122221111222221111175
2332111222111112122221111533321122211111222222211953
2332111222111122222211119533311122211111222212111853
2332112222111122222211117433311122211111222122111962
3432912222111112222111117534319122211111221211111763
3431912221111122212211115445211122211111222111111752
3431712221111122111111196244299122211112222221111652
4531612221111112211111175354171222111122222221111732
4526712221111122211111186364161222111112221211118732
5724712221111222111211185274141222111112221111119642
7512123221111221122221118262661232111111212122111632
7153712221111222221111984283141222191122221111118622
2051411119123332111997532910147111111232221198864319
