0000000000000000000000000400000000000000000000000005
0000000000000000000000003600000000000000000000000046
0000000000000000000000036700000000000000000000000366
0000000000000000000000267600000000000000000000003676
0000000000000000000002677600000000000000000000026665
0000000000000000000015666600000000000000000000157765
0000000000000000000145776400000000000000000001567754
0000000000000000008356775400000000000000000014577653
0000000000000000062467764300000000000000000735676542
0000000000000000323467654200000000000000005246776532
0000000000000002124677643100000000000000032356775321
0000000000000019235777542100000000000000212467764311
0000000000000871246786432900000000000001923567754216
0000000000004492357875421500000000000056124577653193
0000000000022612467764318200000000000331135787542162
0000000000614813577754215100000000001161246777531821
0000000003124124677653172200000000091481357885421423
0000000014129135788632151400000000521512467875316312
0000000011141246887431824200000003252613577854214151
0000000146361357875429352200000012415924688752162110
0000000211312568864316150000000141326135788642931310
0000000012513578754192614100000002141246887521514300
0000000212124688752141341000000003251357886427313000
0000000415135788631726310000000109382468975214250000
0000001139247887421493200000000061513579863262800000
0000011241258986417172000000000272824689853142000000
0000001162478975213140000000000314135899631631100000
0000021213589863151500000000002426146997521311000000
0000121614699752938100000000011539258996314220000000
0000142135819631591000000000114161468185283310000000
0000115136997528251100000000003312581963146200000000
0000619259196313710000000001011513691742813000000000
0001431371184171200000000010042825819631280000000000
0001192591162134001000000000262137918424110000000000
0015313711842482010000000000216158116311100000000000
0019625911628240100000000000421371184145100000000000
0012136118414701000000000001841591162812000000000000
0155149116271110000000000001183711841320000000000000
0016271193122100000000000005214911627710000000000000
0221411162461000000000000017527118311100000000000000
0662611937120000000000000011149116133000000000000000
1194911512300000000000000032261193880000000000000000
0216118346000000000000000037311151110000000000000000
4431115190000000000000000011611824100000000000000000
7161191200000000000000000032911585000000000000000000
2211145000000000000000000064118110000000000000000000
4512710000000000000000000011213400000000000000000000
1721200000000000000000000041278000000000000000000000
2227000000000000000000000072120000000000000000000000
1110000000000000000000000032500000000000000000000000
9400000000000000000000000021000000000000000000000000
7000000000000000000000000020000000000000000000000000
